x,y,z,roll,pitch
23,1,293,0.1955624,-4.488721
43,-12,299,-2.298432,-8.177859
57,17,281,3.462328,-11.44716
49,15,291,2.950996,-9.546344
45,16,289,3.169083,-8.83775
82,22,288,4.368599,-15.85015
81,-14,291,-2.754577,-15.53862
123,16,240,3.814356,-27.0856
95,17,282,3.45008,-18.58756
229,-90,375,-13.49673,-30.70429
229,-60,251,-13.44491,-41.58732
225,-29,36,-38.85624,-78.39555
50,32,-116,164.5899,-22.56523
-369,-225,-38,-99.5935,58.27201
-255,28,-31,137.921,80.70258
-309,103,-2,91.11911,71.56709
-353,79,-28,109.5239,76.64884
-146,38,-17,114.1106,74.09089
88,120,-47,111.3968,-34.32886
122,24,125,10.86933,-43.78911
250,18,351,2.93589,-35.42746
99,123,263,25.06643,-18.82964
98,124,311,21.73945,-16.31618
-89,218,247,41.43439,15.11884
-373,89,146,31.36834,65.37744
-200,75,145,27.35189,50.781
-414,2,85,1.347987,78.40026
-224,60,-61,135.4835,69.09938
285,19,41,24.86553,-80.99637
263,153,154,44.81667,-50.4671
70,257,168,56.83168,-12.84396
124,252,268,43.24079,-18.6291
186,164,299,28.74666,-28.61091
193,72,81,41.63661,-60.68916
-50,-77,74,-46.14158,25.09038
-207,180,297,31.2207,30.7992
-66,90,345,14.62195,10.48805
9,91,282,17.88595,-1.739819
-43,62,280,12.48639,8.52801
-36,36,315,6.520282,6.478473
2,57,327,9.888717,-0.3452486
81,23,197,6.659698,-22.21642
227,9,226,2.280653,-45.1071
225,0,173,0.0,-52.44758
192,-59,28,-64.61685,-71.22
73,-44,-176,-165.976,-21.92091
-143,176,-231,142.7065,26.21803
-79,154,-198,142.1355,17.48277
-92,211,-79,110.5344,22.21363
-182,225,-15,93.82098,38.90977
-192,184,23,82.88109,46.00035
-269,153,47,72.92896,59.25152
-52,86,-175,153.8405,14.93327
55,47,-64,143.718,-34.71135
243,60,410,8.326262,-30.39116
35,171,408,22.74109,-4.523952
-161,29,356,4.657413,24.26545
-164,101,209,25.79422,35.24441
-274,64,186,18.98902,54.32968
-136,14,-127,173.7221,46.79073
108,-79,-102,-142.2523,-39.93594
205,5,-134,177.8762,-56.81495
254,62,-108,150.152,-63.88692
-103,12,-43,164.4193,66.57166
-234,60,162,20.32463,53.56677
-132,127,272,25.03027,23.738
30,79,425,10.53087,-3.970223
47,8,312,1.468909,-8.564541
125,9,257,2.005795,-25.92553
231,-147,48,-71.92184,-56.20461
198,-144,49,-71.21294,-52.4715
248,80,5,86.43003,-72.09396
-33,2,-117,179.0339,15.75015
-148,121,-47,111.2358,48.7503
-242,143,151,43.44451,49.32902
-151,106,258,22.33709,28.43149
-92,203,279,36.04224,14.93102
-176,111,191,30.16531,38.54711
-273,89,25,74.31548,71.29787
-148,56,-83,146.0033,55.92499
172,19,85,12.60109,-63.14783
270,-11,104,-6.038127,-68.832
511,193,327,30.55195,-53.38907
67,141,326,23.39094,-10.68318
52,28,399,4.014471,-7.407801
-71,63,245,14.42183,15.67874
-223,-41,250,-9.314285,41.35861
-185,-46,99,-24.92361,59.46033
-142,-44,-60,-143.7568,62.35122
-83,72,-127,150.4609,29.62185
240,14,281,2.852446,-40.4683
181,41,289,8.075178,-31.80491
246,-42,314,-7.619108,-37.83297
202,-56,125,-24.13416,-55.86397
-111,105,-9,94.90608,46.48986
-249,94,106,41.56943,60.36549
-109,194,334,30.15188,15.76011
24,89,373,13.42117,-3.581519
14,43,327,7.491877,-2.430813
110,25,327,4.372228,-18.54347
-46,5,419,0.6837384,6.265157
47,-18,180,-5.711014,-14.56537
40,11,221,2.849685,-10.24755
-6,-83,238,-19.2271,1.363717
116,30,286,5.988589,-21.96985
176,77,285,15.12006,-30.80433
200,-83,177,-25.12498,-45.65609
171,-111,238,-25.00556,-33.07264
328,113,104,47.37845,-64.91514
220,-512,58,-83.54317,-23.12209
233,-100,96,-46.17254,-59.25412
190,-120,107,-48.28123,-49.76608
305,-117,127,-42.65626,-60.48764
239,-251,23,-84.77065,-43.48071
277,-96,58,-58.86536,-67.96139
344,-33,2,-86.53814,-84.5166
199,64,-9,98.01194,-72.01293
57,84,-121,145.2417,-21.1564
-300,151,-97,122.7251,59.11488
-222,99,40,68.00431,64.31855
-293,173,69,68.26075,57.56118
-309,98,59,58.95469,69.69093
-84,15,-103,171.7268,38.90713
67,56,-182,162.9093,-19.38599
179,61,-58,133.5657,-64.82013
196,40,210,10.78509,-42.51926
-23,-28,386,-4.149209,3.401301
-59,69,333,11.7073,9.843108
-176,103,250,22.39331,33.06332
-159,139,233,30.82116,30.37433
-229,24,-101,166.6453,65.61867
-212,39,-137,164.122,56.10695
-124,50,-108,155.169,46.17913
-197,-114,210,-28.49774,39.50673
-20,-63,227,-15.51224,4.85295
163,-105,322,-18.0618,-25.70201
192,9,221,2.332196,-40.96292
229,238,-64,105.0589,-42.90067
209,58,-52,131.8876,-69.56396
112,72,-172,157.2972,-30.9938
72,42,-169,166.0558,-22.46473
-68,-33,12,-70.02205,62.69351
-177,-160,244,-33.25682,31.24414
-109,-117,309,-20.74024,18.25877
-7,-47,389,-6.88974,1.023552
39,-17,316,-3.079626,-7.026196
58,22,241,5.216249,-13.47871
-5,58,279,11.74455,1.005284
39,82,382,12.11613,-5.700821
26,58,275,11.91053,-5.285795
63,55,286,10.88633,-12.20684
213,57,399,8.130702,-27.85713
-16,-17,228,-4.264477,4.003395
-24,5,277,1.034184,4.95145
17,178,398,24.0977,-2.23309
-158,140,309,24.37586,24.97571
-156,-9,-21,-156.813,81.67388
-102,-21,-125,-170.4759,38.82729
87,37,-68,151.4598,-48.34018
284,133,219,31.27286,-47.947
248,89,264,18.63143,-41.6776
266,-40,208,-10.88633,-51.47408
50,-48,-83,-149.9697,-27.54337
34,41,99,22.49813,-17.60553
-220,86,399,12.16428,28.32677
39,73,382,10.81955,-5.726876
1,67,157,23.11214,-0.3356756
128,-301,267,-48.42916,-17.64855
167,-136,237,-29.85111,-31.4341
144,-50,218,-12.91876,-32.77719
255,-77,196,-21.44932,-50.45335
460,-48,90,-28.07456,-77.50328
-22,5,-79,176.3915,15.53308
-246,-12,160,-4.289469,56.89046
-323,192,250,37.52703,45.70173
-302,71,183,21.20673,56.98158
-292,12,-24,153.4463,84.75589
-30,175,-166,133.498,7.090237
38,194,-76,111.4011,-10.3368
145,174,57,71.86721,-38.37938
72,511,289,60.5138,-6.992614
74,114,442,14.46352,-9.209101
-1,68,324,11.85388,0.1730805
-270,147,288,27.04252,39.86541
-98,-125,264,-25.33871,18.54819
213,115,223,27.28194,-40.33165
299,170,261,33.08028,-43.83192
293,102,220,24.87599,-50.39156
122,-11,0,-90.00663,-84.85416
-86,108,39,70.14996,36.83444
-240,136,177,37.54006,47.0787
-101,163,275,30.65864,17.53486
-10,71,317,12.62539,1.763313
91,46,266,9.811979,-18.63042
129,-84,253,-18.36834,-25.82456
206,-150,158,-43.51534,-43.40012
189,-188,40,-77.99427,-44.52109
67,-25,-88,-164.1527,-36.22107
-246,-272,-178,-123.2103,37.12004
-113,-45,-73,-148.3596,52.8091
-215,93,110,40.21596,56.18295
-176,89,276,17.87395,31.25618
-181,158,285,29.00551,29.05178
-281,114,173,33.38573,53.60231
-273,75,-5,93.82098,74.61139
-64,28,-29,136.0151,57.79891
115,137,61,66.00358,-37.48509
178,278,318,41.16343,-22.85311
88,296,207,55.03802,-13.69338
-20,141,250,29.42517,3.986297
28,92,238,21.1358,-6.262696
49,99,279,19.53809,-9.398856
56,46,306,8.549706,-10.25873
-4,57,289,11.15817,0.7780421
136,26,310,4.794585,-23.61547
119,-26,276,-5.381943,-23.23357
215,-13,234,-3.180064,-42.53605
230,-402,147,-69.91911,-28.25303
226,-127,118,-47.10727,-52.5131
194,-250,-107,-113.1793,-35.50683
11,32,-120,165.0807,-5.06194
-255,0,-145,180.0133,60.3807
-260,-17,-60,-164.1929,76.51785
-252,-11,-99,-173.6726,68.4374
-87,-28,-90,-162.7305,42.71103
228,54,-8,98.43422,-76.54095
278,24,194,7.052825,-54.89063
136,-127,409,-17.25154,-17.61913
-91,-59,297,-11.23654,16.72806
-228,16,143,6.384634,57.74796
-220,-6,70,-4.899454,72.29452
94,-19,-197,-174.5039,-25.40741
-10,84,-209,158.1158,2.542185
-4,77,-245,162.5648,0.8923987
-20,-86,152,-29.5029,6.533514
-102,-120,311,-21.10077,17.01465
44,-57,511,-6.365272,-4.891527
178,-86,290,-16.51903,-30.47747
195,48,191,14.10784,-44.71983
260,51,-114,155.9093,-64.34799
124,40,-99,158.0109,-49.27214
-107,5,-80,176.4367,53.16621
-492,167,156,46.95395,65.09052
-257,106,103,45.82574,60.10125
-196,14,273,2.93589,35.64339
-23,9,310,1.663081,4.241735
-35,2,263,0.435733,7.580714
91,97,369,14.72936,-13.41594
57,152,230,33.46197,-11.68247
126,57,240,13.3612,-27.05956
121,39,241,9.192921,-26.3662
-36,62,388,9.079426,5.235275
2,50,265,10.6857,-0.424947
36,63,286,12.42362,-7.008559
52,39,303,7.334919,-9.660616
32,57,370,8.758443,-4.886019
31,63,287,12.38167,-6.022984
46,30,274,6.248832,-9.47524
82,23,307,4.284829,-14.91582
28,-57,313,-10.32171,-5.02998
9,13,290,2.566902,-1.775923
40,-5,302,-0.9485888,-7.544463
24,63,285,12.46585,-4.700948
-66,135,315,23.2003,10.90153
-19,70,248,15.76331,4.217217
114,162,279,30.14361,-19.46253
153,191,275,34.7843,-24.56026
13,236,436,28.42809,-1.502154
-313,43,318,7.701401,44.28978
-170,33,-66,153.4463,66.54115
20,65,-114,150.3203,-8.666151
-185,64,129,26.38906,52.10675
-96,62,432,8.167837,12.4066
67,75,358,11.83306,-10.38081
151,-69,132,-27.59933,-45.39564
266,-97,131,-36.52108,-58.50461
109,-134,70,-62.42257,-35.79369
41,-126,36,-74.06006,-17.37497
94,-145,19,-82.54088,-32.73455
90,-82,231,-19.5452,-20.16288
19,83,493,9.557231,-2.176623
-13,25,456,3.138306,1.630663
-60,-30,314,-5.457955,10.77074
-91,-191,108,-60.51868,22.52693
-27,-195,43,-77.57027,7.701007
60,-185,-2,-90.62606,-17.96948
11,-361,-112,-107.2444,-1.667101
182,-59,-100,-149.4704,-57.46821
236,-4,-90,-177.4683,-69.11162
214,-22,119,-10.47501,-60.5164
156,-46,344,-7.617023,-24.2051
158,8,300,1.527638,-27.76793
124,-20,257,-4.450175,-25.69112
137,-60,236,-14.26556,-29.36473
71,-96,173,-29.02861,-19.74228
153,-36,149,-13.58396,-44.94956
327,46,295,8.863537,-47.6061
325,16,117,7.787592,-70.03652
283,1,-88,179.3622,-72.73101
98,-39,-106,-159.812,-40.95003
-100,55,21,69.10732,59.51789
-19,164,202,39.07537,4.176801
92,92,328,15.66931,-15.11418
9,202,342,30.57019,-1.298116
-7,16,283,3.236131,1.414767
104,-33,294,-6.404824,-19.36973
132,-36,305,-6.732131,-23.2599
210,-143,261,-28.72013,-35.21047
165,-101,152,-33.60547,-42.12067
191,-49,193,-14.24666,-43.8104
83,104,211,26.24021,-19.436
212,-131,89,-55.81234,-53.24264
119,-124,200,-31.80125,-26.82734
23,94,252,20.45782,-4.888076
-15,135,299,24.3012,2.618092
-202,50,327,8.694129,31.41222
-286,4,222,1.032321,52.17988
-285,58,-21,109.9118,77.79315
-8,31,-143,167.7809,3.12971
99,107,-210,153.0113,-22.78633
106,41,95,23.34573,-45.69541
286,98,185,27.91355,-53.79961
200,47,256,10.40406,-37.54169
336,39,271,8.189895,-50.82864
267,46,19,67.56223,-79.44695
35,22,-85,165.5011,-21.73527
-161,117,57,64.03032,51.05305
-117,214,344,31.8878,16.10962
-11,10,363,1.578113,1.735175
72,-12,251,-2.737358,-15.98953
219,-77,268,-16.03125,-38.14856
265,14,293,2.735803,-42.09795
137,-132,185,-35.51099,-31.08482
258,-258,182,-54.80388,-39.25664
147,-119,3,-88.5624,-51.00386
207,-82,-98,-140.0899,-58.31727
-115,12,-84,171.8825,53.58217
-249,-11,69,-9.058556,74.33095
-235,41,160,14.37384,54.9026
-208,116,232,26.56701,38.72899
-123,87,419,11.73092,16.03718
-274,35,233,8.543419,49.31121
-224,116,13,83.61176,62.48063
-107,95,-130,143.8524,33.6083
89,29,-108,164.9817,-38.51846
249,240,151,57.82753,-41.29102
72,142,322,23.79894,-11.56353
-13,116,277,22.72427,2.478904
-92,63,333,10.71391,15.18868
-228,27,333,4.635805,34.31392
-302,197,174,48.55106,48.96952
87,-48,-85,-150.5574,-41.71184
182,77,-33,113.2069,-65.28848
276,84,123,34.33275,-61.65056
271,141,104,53.59189,-57.12093
383,127,87,55.59142,-68.10804
32,62,-23,110.3614,-25.82448
-170,20,286,4.00048,30.6684
-124,37,325,6.495419,20.76273
17,80,337,13.35517,-2.810093
12,57,291,11.08339,-2.317557
4,41,281,8.301916,-0.8070589
-11,44,280,8.931248,2.222666
2,45,260,9.820024,-0.4343039
21,54,343,8.94755,-3.461263
12,38,319,6.793692,-2.139359
-18,63,301,11.82236,3.35008
13,48,256,10.62044,-2.857557
8,45,259,9.857197,-1.743222
6,64,296,12.20137,-1.135105
116,-29,295,-5.614841,-21.37367
180,12,237,2.89879,-37.18386
158,35,261,7.63834,-30.96575
299,18,-28,147.2756,-83.65378
58,-29,-172,-170.4422,-18.39415
-115,27,26,46.08432,71.95234
-229,1,-35,178.3766,81.31274
-197,-85,173,-26.16817,45.62756
-215,-32,312,-5.856445,34.43342
-36,64,271,13.28863,7.367164
12,112,318,19.40376,-2.038607
-65,-53,137,-21.15108,23.87088
-123,17,217,4.47979,29.47248
-7,110,342,17.83105,1.116336
19,67,308,12.2734,-3.449789
17,56,463,6.896952,-2.087741
88,-56,302,-10.50584,-15.98854
143,-159,149,-46.86305,-33.27747
149,212,268,38.3484,-23.56077
-212,54,485,6.353626,23.48325
-68,-2,357,-0.3210051,10.78493
-226,9,401,1.285819,29.40121
-125,49,23,64.86,66.59057
-158,-6,-70,-175.1138,66.03194
128,-121,511,-13.32272,-13.69967
45,-76,460,-9.382201,-5.513383
43,27,382,4.043276,-6.407112
-22,86,290,16.51903,4.160181
-90,61,455,7.636444,11.09287
-181,-144,101,-54.95866,45.82382
-235,-50,18,-70.20629,77.26352
206,-175,313,-29.21194,-29.87768
45,-254,242,-46.38934,-7.309849
42,-186,216,-40.73511,-8.382492
-18,-189,118,-58.02615,4.618992
21,-212,152,-54.3642,-4.602891
-4,-218,167,-52.54977,0.8345661
3,-204,148,-54.04346,-0.6820247
-1,-483,126,-75.38468,0.1147917
-94,-209,23,-83.72616,24.08937
52,-41,-37,-132.074,-43.27949
222,129,-7,93.11289,-59.80774
210,238,224,46.73915,-32.72435
3,42,511,4.699027,-0.3352648
59,57,275,11.7109,-11.86505
38,107,282,20.77991,-7.181246
23,78,285,15.30727,-4.45121
11,30,313,5.475287,-2.003734
149,133,362,20.17499,-21.12567
249,158,327,25.79082,-34.43816
207,-15,187,-4.586437,-47.81803
280,123,171,35.73003,-53.05004
138,-57,-31,-118.5487,-64.82292
197,99,96,45.88478,-55.01161
215,104,45,66.60715,-62.21262
-193,-106,72,-55.81799,56.42236
-126,9,329,1.567086,20.95016
5,132,239,28.91405,-1.049221
14,167,292,29.7682,-2.383411
-98,101,203,26.45399,23.37656
-71,77,136,29.51969,24.43402
-151,112,274,22.23438,27.02919
-96,78,278,15.67397,18.39253
-108,100,511,11.07337,11.71877
-89,65,103,32.25708,36.15963
-138,8,109,4.197978,51.6253
-100,-62,-226,-164.6712,23.11022
106,55,316,9.874186,-18.28876
95,76,511,8.460098,-10.42033
83,79,282,15.65093,-15.8247
65,54,257,11.86706,-13.90311
61,88,511,9.771862,-6.71005
55,66,297,12.52973,-10.24775
59,25,342,4.181159,-9.763191
89,52,392,7.556901,-12.68509
68,53,308,9.764437,-12.27607
73,81,369,12.38167,-10.93735
33,91,511,10.09825,-3.638179
2,25,167,8.514615,-0.6786334
58,100,442,12.74917,-7.294
93,71,511,7.910801,-10.2194
49,-1,126,-0.4547524,-21.25146
58,94,511,10.42397,-6.370023
43,57,380,8.531395,-6.385644
-27,4,19,11.88953,54.28298
86,119,511,13.11017,-9.30935
77,44,322,7.78162,-13.33021
54,66,329,11.34425,-9.142759
52,87,511,9.662924,-5.729038
1,27,195,7.88372,-0.2910668
43,78,346,12.70496,-6.91303
84,92,511,10.2069,-9.190504
58,10,140,4.085918,-22.45368
51,86,464,10.50109,-6.168651
32,50,299,9.494093,-6.02614
42,42,340,7.042558,-6.98996
61,73,277,14.76501,-12.02223
62,76,278,15.29112,-12.14175
81,12,295,2.329563,-15.34272
162,61,267,12.87012,-30.60661
34,111,346,17.78803,-5.345928
144,96,281,18.86345,-25.87234
281,276,369,36.79801,-31.3775
274,156,287,28.52857,-39.99285
16,52,-115,155.6802,-7.225532
-8,-136,-179,-142.7838,2.038246
161,170,130,52.59851,-36.957
97,156,511,16.97783,-10.29085
-28,67,478,7.979603,3.32027
-184,-95,118,-38.83987,50.53871
2,9,417,1.236499,-0.274754
180,54,511,6.032795,-19.30678
104,180,236,37.33595,-19.31152
22,-55,-52,-133.4038,-16.20816
65,75,247,16.89183,-14.13461
107,-51,511,-5.699911,-11.77052
-19,131,370,19.49815,2.771552
-33,79,23,73.77308,21.85582
10,42,131,17.77771,-4.157895
193,14,511,1.56947,-20.68551
58,242,311,37.89053,-8.373573
88,0,0,0.0,-90.00663
59,54,61,41.51979,-35.91518
-8,386,399,44.05448,0.8256583
-66,-40,502,-4.556111,7.467105
36,-84,-4,-92.73314,-23.17681
-81,-60,367,-9.285699,12.28895
183,209,511,22.2463,-18.34008
197,507,511,44.77817,-15.30661
-18,-94,-135,-145.1613,6.244977
-464,-63,58,-47.36974,79.54937
66,156,357,23.60585,-9.615688
136,-147,505,-16.2309,-14.49877
15,95,358,14.86276,-2.319257
28,-81,135,-30.96604,-10.08537
79,18,469,2.198068,-9.555146
111,-191,285,-33.83151,-17.92962
16,-188,131,-55.13495,-3.994569
-455,39,218,10.14361,64.05126
159,-16,511,-1.793543,-17.27708
19,36,511,4.030132,-2.124287
137,45,303,8.44815,-24.09787
63,-125,335,-20.46378,-9.993326
269,-232,511,-24.4204,-25.6117
-1,48,87,28.88871,0.5766541
-319,-216,326,-33.52999,39.20773
-120,-44,273,-9.156424,23.46066
221,242,511,25.34322,-21.35056
239,-7,511,-0.7848824,-25.06576
85,-69,344,-11.34279,-13.61952
109,-54,178,-16.87751,-30.37201
37,-32,44,-36.03003,-34.2211
143,57,443,7.3324,-17.75428
301,44,449,5.597273,-33.71302
-123,194,0,90.00663,32.37793
126,-293,95,-72.04095,-22.2496
291,-221,0,-90.00663,-52.78903
0,-66,215,-17.06653,0.0
142,167,368,24.41055,-19.36192
88,-249,201,-51.0923,-15.37724
115,-229,296,-37.73006,-17.08282
28,-287,227,-51.6619,-4.376029
151,-168,173,-44.1632,-32.05584
189,-91,179,-26.94985,-43.26878
148,-170,61,-70.26599,-39.3352
78,146,61,67.32938,-26.24296
328,313,366,40.53976,-34.26064
135,108,166,33.05056,-34.28396
55,-187,317,-30.53883,-8.499884
3,-77,511,-8.569774,-0.3326402
12,77,383,11.3683,-1.759529
44,76,341,12.56531,-7.178693
6,92,302,16.94386,-1.088869
-11,79,214,20.26356,2.760927
35,93,316,16.40057,-6.065567
34,64,136,25.20298,-12.747
-36,124,406,16.9849,4.847607
-31,81,201,21.95032,8.141541
6,105,197,28.05946,-1.539708
5,111,511,12.25637,-0.5478716
45,9,193,2.670086,-13.11185
24,133,511,14.58999,-2.602633
38,52,340,8.696144,-6.304938
36,57,219,14.58999,-9.039734
-5,131,511,14.37976,0.5430866
-45,30,388,4.421615,6.596546
-30,11,43,14.35039,34.05762
17,143,511,15.63508,-1.835109
26,46,489,5.374369,-3.030406
65,17,69,13.84171,-42.45156
5,118,511,13.00376,-0.5462728
-33,37,339,6.229325,5.527735
-15,29,198,8.333174,4.287067
25,118,511,13.00376,-2.729381
31,63,311,11.45242,-5.580167
16,61,297,11.60727,-3.020948
3,100,362,15.44358,-0.4577089
-14,65,259,14.08932,3.001388
10,66,354,10.56179,-1.590816
25,75,298,14.12773,-4.65143
19,81,300,15.11069,-3.499186
1,82,333,13.83466,-0.1670805
-2,58,281,11.66326,0.3994034
12,76,317,13.48305,-2.10836